Aalstraﬂe;1;;3411219,5;5478907,31
Aalstraﬂe;3;;3411218;5478921,15
Aalstraﬂe;5;;3411214;5478979,75
Adam-Hoffmann-Straﬂe;1;;3412035,46;5480442,15
Adam-Hoffmann-Straﬂe;2;;3412037,21;5480493,71
Adam-Hoffmann-Straﬂe;5;;3411936,11;5480392,37
Adam-Hoffmann-Straﬂe;11;;3411837,208;5480288,655
Adam-Hoffmann-Straﬂe;20;;3412020,362;5480476,443
Adam-Hoffmann-Straﬂe;26;;3411917,539;5480435,531
Adolfstraﬂe;1;;3409866,21;5478866,93
Adolfstraﬂe;2;;3409857,71;5478873,93
Adolfstraﬂe;4;;3409849,34;5478866,68
Adolfstraﬂe;6;;3409842,5;5478860,81
Adolfstraﬂe;7;;3409823,53;5478830,03
Adolfstraﬂe;8;;3409830,59;5478850,5
Adolfstraﬂe;9;;3409816,75;5478824,09
Adolfstraﬂe;10;;3409823,53;5478844,37
Adolfstraﬂe;12;;3409815,78;5478837,68
Adolfstraﬂe;14;;3409808,62;5478831,46
Adolfstraﬂe;16;;3409801,37;5478825,25
Adolfstraﬂe;18;;3409794,21;5478819,03
Adolfstraﬂe;20;;3409780,71;5478807,34
Adolph-Kolping-Platz;1;;3411361,84;5478964,09
Adolph-Kolping-Platz;2;;3411363,12;5478955,34
Adolph-Kolping-Platz;3;;3411364;5478944,25
Adolph-Kolping-Platz;4;;3411361,5;5478935,09
Adolph-Kolping-Platz;5;;3411351,18;5478917,43
Adolph-Kolping-Platz;6;;3411344,93;5478911,59
Adolph-Kolping-Platz;7;;3411337,9;5478906,78
Adolph-Kolping-Platz;9;;3411292,995;5478913,381
Adolph-Kolping-Platz;10;;3411284,18;5478922,87
Adolph-Kolping-Platz;11;;3411278,84;5478941,09
Adolph-Kolping-Platz;12;;3411278,96;5478967,12
Adolph-Kolping-Platz;14;;3411300,81;5478987,37
Adolph-Kolping-Platz;15;;3411324,59;5478992,53
Adrian-Pletsch-Straﬂe;0;;3407129,3;5483846,88
Ahornweg;1;;3405312,4;5476214,62
Ahornweg;3;;3405289,21;5476201,31
Ahornweg;4;;3405286,57;5476241,49
Ahornweg;5;;3405275,58;5476193,11
Ahornweg;6;;3405269,767;5476222,751
Ahornweg;7;;3405269,8;5476188,72
Ahornweg;8;;3405255,44;5476213,99
Ahornweg;9;;3405264,16;5476184,25
Ahornweg;10;;3405239,913;5476194,482
Ahornweg;11;;3405258,04;5476179,48
Ahornweg;12;;3405216;5476182,09
Ahornweg;13;;3405252,36;5476175,1
Ahornweg;14;;3405199,62;5476172,49
Ahornweg;15;;3405240,933;5476167,54
Ahornweg;16;;3405183,38;5476157,7
Ahornweg;17;;3405235,158;5476162,045
Ahornweg;18;;3405161,28;5476140,2
Ahornweg;19;;3405220,47;5476147,53
Ahornweg;19;a;3405224,94;5476142,91
Ahornweg;19;b;3405229,71;5476137,98
Ahornweg;21;;3405235,19;5476132,31
Ahornweg;23;;3405241,59;5476127,77
Ahornweg;25;;3405247,79;5476123,02
Ahornweg;27;;3405254,17;5476118,4
Ahornweg;29;;3405260,6;5476113,83
Akazienweg;1;;3412141,78;5479562,31
Akazienweg;2;;3412161,75;5479535,84
Akazienweg;3;;3412149,03;5479566,62
Akazienweg;4;;3412172,37;5479547,28
Akazienweg;5;;3412156,09;5479570,87
Akazienweg;6;;3412185,34;5479559,12
Akazienweg;7;;3412184,28;5479588,53
Akazienweg;8;;3412200;5479572,9
Aktienstraﬂe;1;;3411509,31;5479489,9
Aktienstraﬂe;3;;3411516,84;5479488,87
Aktienstraﬂe;5;;3411524,09;5479487,96
Aktienstraﬂe;7;;3411531,43;5479487
Aktienstraﬂe;8;;3411529,18;5479473,09
Aktienstraﬂe;9;;3411538,87;5479486
Aktienstraﬂe;12;;3411544,15;5479470,59
Albert-Einstein-Straﬂe;1;;3410227;5479823,09
Albert-Einstein-Straﬂe;2;;3410216,28;5479783,4
Albert-Einstein-Straﬂe;3;;3410320,5;5479830,81
Albert-Einstein-Straﬂe;4;;3410234,93;5479784,96
Albert-Einstein-Straﬂe;5;;3410341,59;5479836,28
Albert-Einstein-Straﬂe;6;;3410260,28;5479791,68
Albert-Einstein-Straﬂe;7;;3410361,4;5479841,9
Albert-Einstein-Straﬂe;8;;3410286,43;5479796,87
Albert-Einstein-Straﬂe;10;;3410309,43;5479801,06
Albert-Einstein-Straﬂe;12;;3410331,28;5479805,46
Albert-Einstein-Straﬂe;14;;3410360,583;5479813,064
Albert-Einstein-Straﬂe;16;;3410390,78;5479821,71
Albert-Schweitzer-Straﬂe;5;;3410048,31;5479128,62
Albert-Schweitzer-Straﬂe;7;;3410044,87;5479118,71
Albert-Schweitzer-Straﬂe;8;;3410029,12;5479118,71
Albert-Schweitzer-Straﬂe;9;;3410041,28;5479108,65
Albert-Schweitzer-Straﬂe;11;;3410034,62;5479089,5
Albert-Schweitzer-Straﬂe;14;;3410012,71;5479070,37
Albert-Schweitzer-Straﬂe;17;;3410017,46;5479039
Albert-Schweitzer-Straﬂe;19;;3410009,87;5479022,93
Albert-Schweitzer-Straﬂe;21;;3410005,56;5479013,53
Albert-Schweitzer-Straﬂe;23;;3410002,31;5479006,34
Albert-Schweitzer-Straﬂe;25;;3409996,37;5478994
Albert-Schweitzer-Straﬂe;27;;3409987,4;5478970,96
Albert-Schweitzer-Straﬂe;29;;3409980,18;5478958,4
Albert-Schweitzer-Straﬂe;31;;3409975,78;5478949,78
Albert-Schweitzer-Straﬂe;33;;3409971,87;5478942,34
Albert-Schweitzer-Straﬂe;35;;3409968,09;5478934,78
Albert-Schweitzer-Straﬂe;37;;3409964,31;5478927,62
Albert-Schweitzer-Straﬂe;39;;3409949,06;5478899
Albert-Schweitzer-Straﬂe;41;;3409941,78;5478885,56
Albert-Schweitzer-Straﬂe;42;;3409904,96;5478858,81
Albert-Schweitzer-Straﬂe;43;;3409934,4;5478871,96
Albert-Schweitzer-Straﬂe;44;;3409900,46;5478851,12
Albert-Schweitzer-Straﬂe;44;a;3409896,008;5478843,378
Albert-Schweitzer-Straﬂe;45;;3409927,03;5478858,46
Albert-Schweitzer-Straﬂe;46;;3409889,81;5478832,93
Albert-Schweitzer-Straﬂe;47;;3409914,87;5478827,87
Albert-Schweitzer-Straﬂe;48;;3409885,87;5478826,25
Albert-Schweitzer-Straﬂe;49;;3409903,31;5478819,37
Albert-Schweitzer-Straﬂe;50;;3409873,87;5478814,87
Albert-Schweitzer-Straﬂe;51;;3409892,96;5478810,46
Albert-Schweitzer-Straﬂe;52;;3409866,12;5478808,21
Albert-Schweitzer-Straﬂe;53;;3409882,5;5478801,34
Albert-Schweitzer-Straﬂe;54;;3409857,62;5478801
Albert-Schweitzer-Straﬂe;55;;3409872,15;5478792,53
Albert-Schweitzer-Straﬂe;56;;3409850,09;5478794,5
Albert-Schweitzer-Straﬂe;57;;3409861,78;5478783,65
Albert-Schweitzer-Straﬂe;58;;3409844,4;5478789,53
Albert-Schweitzer-Straﬂe;59;;3409851,31;5478774,59
Albert-Schweitzer-Straﬂe;60;;3409825,62;5478773,46
Albert-Schweitzer-Straﬂe;61;;3409840,87;5478765,78
Albert-Schweitzer-Straﬂe;62;;3409776,00;5478738,00
Albert-Schweitzer-Straﬂe;63;;3409830,46;5478755,62
Albertstraﬂe;1;;3410209,84;5478753,65
Albertstraﬂe;2;;3410216,25;5478776,93
Albertstraﬂe;3;;3410202,4;5478747,65
Albertstraﬂe;4;;3410207,96;5478771,31
Albertstraﬂe;5;;3410193,664;5478742,798
Albertstraﬂe;6;;3410199,65;5478765,75
Albertstraﬂe;7;;3410184,391;5478736,556
Albertstraﬂe;8;;3410190,84;5478759,87
Albertstraﬂe;9;;3410176,87;5478731,53
Albertstraﬂe;10;;3410180,93;5478753,18
Albertstraﬂe;16;;3410119,18;5478738
Albertstraﬂe;18;;3410111,62;5478733,31
Albertstraﬂe;20;;3410103,68;5478728,37
Albertstraﬂe;21;;3410120,738;5478683,474
Albertstraﬂe;22;;3410097,37;5478715,25
Albertstraﬂe;24;;3410099,81;5478703,03
Albertstraﬂe;26;;3410087,12;5478697,21
Albertstraﬂe;28;;3410078,56;5478692
Albertstraﬂe;30;;3410063,9;5478682,9
Albertstraﬂe;31;;3410041,96;5478641,5
Albertstraﬂe;33;;3410029,53;5478632,75
Albertstraﬂe;34;;3410039,68;5478664,15
Albertstraﬂe;35;;3410020,65;5478626,34
Albertstraﬂe;36;;3410030,46;5478657,53
Albertstraﬂe;37;;3410011,71;5478619,87
Albertstraﬂe;38;;3410023;5478652,15
Albertstraﬂe;39;;3410003,25;5478613,5
Albertstraﬂe;40;;3410011,21;5478643,78
Albertstraﬂe;42;;3409996,75;5478632,09
Albertstraﬂe;44;;3409984,93;5478623,31
Albrechtstraﬂe;2;;3411509,09;5479584,37
Albrechtstraﬂe;3;;3411511,59;5479531,84
Albrechtstraﬂe;4;;3411502,46;5479573,25
Albrechtstraﬂe;4;a;3411496,84;5479562,79
Albrechtstraﬂe;5;;3411489;5479497
Albrechtstraﬂe;6;;3411472,09;5479481,28
Albrechtstraﬂe;7;;3411487,03;5479485,5
Albrechtstraﬂe;8;;3411468,31;5479458,93
Albrechtstraﬂe;9;;3411485,9;5479477,78
Albrechtstraﬂe;11;;3411483,75;5479462,5
Albrechtstraﬂe;13;;3411482,71;5479454,62
Albrechtstraﬂe;15;;3411481,25;5479444,37
Albrechtstraﬂe;16;;3411466,15;5479446,43
Albrechtstraﬂe;16;a;3411464,75;5479438,12
Albrechtstraﬂe;17;;3411480,03;5479435,4
Albrechtstraﬂe;18;;3411462,93;5479423
Albrechtstraﬂe;19;;3411477,03;5479413,4
Albrechtstraﬂe;20;;3411461,53;5479412,5
Albrechtstraﬂe;21;;3411475,46;5479401,81
Albrechtstraﬂe;23;;3411473,81;5479389,15
Albrechtstraﬂe;27;;3411470,56;5479366,06
Albrechtstraﬂe;29;;3411469,56;5479357,65
Albrechtstraﬂe;31;;3411468,5;5479349,46
Albrechtstraﬂe;33;;3411467,21;5479340,5
Albrechtstraﬂe;35;;3411466;5479330,53
Albrechtstraﬂe;37;;3411464,59;5479320,71
Albrechtstraﬂe;39;;3411463,31;5479310,81
Albrechtstraﬂe;41;;3411461,96;5479300,93
Albrechtstraﬂe;43;;3411460,68;5479290,9
Albrechtstraﬂe;45;;3411459,21;5479280,53
Albrechtstraﬂe;47;;3411457,87;5479269,93
Alemannenstraﬂe;1;;3406034,88;5477056,47
Alemannenstraﬂe;2;;3406049,37;5477034,81
Alemannenstraﬂe;2;a;3406055,96;5477029,64
Alemannenstraﬂe;3;;3406037,33;5477062,5
Alemannenstraﬂe;4;;3406055,76;5477051,45
Alemannenstraﬂe;5;;3406042,89;5477077,88
Alemannenstraﬂe;6;;3406066,2;5477062,92
Alemannenstraﬂe;8;;3406068,44;5477068,46
Alex-M¸ller-Straﬂe;2;;3410502,84;5480226,21
