Albert-Schweitzer-Straße;29;;3409980,19;5478958,4
Albert-Schweitzer-Straße;31;a;3409975,78;5478949,78
Albert-Schweitzer-Straße;33;;3409971,87;5478942,34
Albert-Schweitzer-Straße;35;;3409968,09;5478934,78
Albert-Schweitzer-Straße;37;;3409964,31;5478927,62
Albert-Schweitzer-Straße;39;;3409949,06;5478899
Albert-Schweitzer-Straße;41;;3409941,78;5478885,56
Albert-Schweitzer-Straße;42;;3409904,96;5478858,81
Albert-Schweitzer-Straße;43;;3409934,4;5478871,96
Albert-Schweitzer-Straße;44;;3409900,46;5478851,12
Albert-Schweitzer-Straße;44;a;3409896,008;5478843,378
Albert-Schweitzer-Straße;45;;3409927,03;5478858,46
Albert-Schweitzer-Straße;46;;3409889,81;5478832,93
Albert-Schweitzer-Straße;47;;3409914,87;5478827,87
Albert-Schweitzer-Straße;48;;3409885,87;5478826,25
Albert-Schweitzer-Straße;49;;3409903,31;5478819,37
Albert-Schweitzer-Straße;50;;3409873,87;5478814,87
Albert-Schweitzer-Straße;51;;3409892,96;5478810,46
Albert-Schweitzer-Straße;52;;3409866,12;5478808,21
Albert-Schweitzer-Straße;53;;3409882,5;5478801,34
Albert-Schweitzer-Straße;54;;3409857,62;5478801
Albert-Schweitzer-Straße;55;;3409872,15;5478792,53
Albert-Schweitzer-Straße;56;;3409850,09;5478794,5
Albert-Schweitzer-Straße;57;;3409861,78;5478783,65
Albert-Schweitzer-Straße;58;;3409844,4;5478789,53
Albert-Schweitzer-Straße;59;;3409851,31;5478774,59
Albert-Schweitzer-Straße;60;;3409825,62;5478773,46
Albert-Schweitzer-Straße;61;;3409840,87;5478765,78
Albert-Schweitzer-Straße;62;;3409776,00;5478738,00
Albert-Schweitzer-Straße;63;;3409830,46;5478755,62
Albertstraße;1;;3410209,84;5478753,65
Albertstraße;2;;3410216,25;5478776,93
Albertstraße;3;;3410202,4;5478747,65
Albertstraße;4;;3410207,96;5478771,31
Albertstraße;5;;3410193,664;5478742,798
Albertstraße;6;;3410199,65;5478765,75
Albertstraße;7;;3410184,391;5478736,556
Albertstraße;8;;3410190,84;5478759,87
Albertstraße;9;;3410176,87;5478731,53
Albertstraße;10;;3410180,93;5478753,18
Albertstraße;16;;3410119,18;5478738
Albertstraße;18;;3410111,62;5478733,31
Albertstraße;20;;3410103,68;5478728,37
Albertstraße;21;;3410120,738;5478683,474
Albertstraße;22;;3410097,37;5478715,25
Albertstraße;24;;3410099,81;5478703,03
Albertstraße;26;;3410087,12;5478697,21
Albertstraße;28;;3410078,56;5478692
Albertstraße;30;;3410063,9;5478682,9
Albertstraße;31;;3410041,96;5478641,5
Albertstraße;33;;3410029,53;5478632,75
Albertstraße;34;;3410039,68;5478664,15
Albertstraße;35;;3410020,65;5478626,34
Albertstraße;36;;3410030,46;5478657,53
Albertstraße;37;;3410011,71;5478619,87
Albertstraße;38;;3410023;5478652,15
Albertstraße;39;;3410003,25;5478613,5
Albertstraße;40;;3410011,21;5478643,78
Albertstraße;42;;3409996,75;5478632,09
Albertstraße;44;;3409984,93;5478623,31
Albrechtstraße;2;;3411509,09;5479584,37
Albrechtstraße;3;;3411511,59;5479531,84
Albrechtstraße;4;;3411502,46;5479573,25
Albrechtstraße;4;a;3411496,84;5479562,79
Albrechtstraße;5;;3411489;5479497
Albrechtstraße;6;;3411472,09;5479481,28
Albrechtstraße;7;;3411487,03;5479485,5
Albrechtstraße;8;;3411468,31;5479458,93
Albrechtstraße;9;;3411485,9;5479477,78
Albrechtstraße;11;;3411483,75;5479462,5
Albrechtstraße;13;;3411482,71;5479454,62
Albrechtstraße;15;;3411481,25;5479444,37
Albrechtstraße;16;;3411466,15;5479446,43
Albrechtstraße;16;a;3411464,75;5479438,12
Albrechtstraße;17;;3411480,03;5479435,4
Albrechtstraße;18;;3411462,93;5479423
Albrechtstraße;19;;3411477,03;5479413,4
Albrechtstraße;20;;3411461,53;5479412,5
Albrechtstraße;21;;3411475,46;5479401,81
Albrechtstraße;23;;3411473,81;5479389,15
Albrechtstraße;27;;3411470,56;5479366,06
Albrechtstraße;29;;3411469,56;5479357,65
Albrechtstraße;31;;3411468,5;5479349,46
Albrechtstraße;33;;3411467,21;5479340,5
Albrechtstraße;35;;3411466;5479330,53
Albrechtstraße;37;;3411464,59;5479320,71
Albrechtstraße;39;;3411463,31;5479310,81
Albrechtstraße;41;;3411461,96;5479300,93
Albrechtstraße;43;;3411460,68;5479290,9
Albrechtstraße;45;;3411459,21;5479280,53
Albrechtstraße;47;;3411457,87;5479269,93
Alemannenstraße;1;;3406034,88;5477056,47
Alemannenstraße;2;;3406049,37;5477034,81
Alemannenstraße;2;a;3406055,96;5477029,64
Alemannenstraße;3;;3406037,33;5477062,5
Alemannenstraße;4;;3406055,76;5477051,45
Alemannenstraße;5;;3406042,89;5477077,88
Alemannenstraße;6;;3406066,2;5477062,92
Alemannenstraße;8;;3406068,44;5477068,46
Alex-Müller-Straße;2;;3410502,84;5480226,21
Alex-Müller-Straße;4;;3410520,65;5480201,21
Alex-Müller-Straße;6;;3410525,87;5480189,25
Alex-Müller-Straße;8;;3410532,68;5480173,5
Alex-Müller-Straße;10;;3410564,28;5480159
Alex-Müller-Straße;12;;3410579,96;5480162,65
Alex-Müller-Straße;14;;3410595,37;5480166,4
Alex-Müller-Straße;16;;3410611,93;5480168,87
Alex-Müller-Straße;18;;3410559,43;5480203,34
Alex-Müller-Straße;20;;3410574,96;5480206,96
Alex-Müller-Straße;22;;3410590,59;5480210,65
Alex-Müller-Straße;24;;3410607,28;5480213,34
Alex-Müller-Straße;26;;3410558,28;5480248,87
Alex-Müller-Straße;28;;3410573,96;5480252,53
Alex-Müller-Straße;30;;3410589,59;5480256,12
Alex-Müller-Straße;32;;3410605,06;5480261,21
Alex-Müller-Straße;34;;3410620,93;5480265
Alex-Müller-Straße;36;;3410645,31;5480247,59
Alex-Müller-Straße;38;;3410651,5;5480231,09
Alex-Müller-Straße;40;;3410655,59;5480214,59
Alex-Müller-Straße;42;;3410660;5480198,37
Alex-Müller-Straße;42;a;3410652,001;5480164,248
Alex-Müller-Straße;44;;3410694,21;5480208,87
Alex-Müller-Straße;44;a;3410712,138;5480184,388
Alex-Müller-Straße;46;;3410709,56;5480213,15
Alex-Müller-Straße;48;;3410725,09;5480217,4
Alex-Müller-Straße;50;;3410741,46;5480220,65
Alex-Müller-Straße;52;;3410685,34;5480251,5
Alex-Müller-Straße;54;;3410700,81;5480255,71
Alex-Müller-Straße;56;;3410716,12;5480259,9
Alex-Müller-Straße;58;;3410732,65;5480263,18
Alex-Müller-Straße;60;;3410684,03;5480298,65
Alex-Müller-Straße;62;;3410699,59;5480302,78
Alex-Müller-Straße;64;;3410715;5480306,96
Alex-Müller-Straße;66;;3410730,25;5480312,53
Alex-Müller-Straße;68;;3410745,81;5480316,84
Alex-Müller-Straße;70;;3410769,71;5480299,12
Alex-Müller-Straße;72;;3410776,37;5480283,25
Alex-Müller-Straße;74;;3410780,9;5480266,62
Alex-Müller-Straße;76;;3410785,71;5480250,37
Alex-Müller-Straße;78;;3410818,403;5480273,326
Alex-Müller-Straße;80;;3410851,477;5480288,395
Alex-Müller-Straße;82;;3410861,267;5480291,441
Alex-Müller-Straße;90;;3410877,4;5480365,31
Alex-Müller-Straße;92;;3410894,37;5480309,93
Alex-Müller-Straße;94;;3410938,9;5480310,62
Alex-Müller-Straße;95;;3411059,93;5480483,22
Alex-Müller-Straße;96;;3410925,46;5480368,25
Alex-Müller-Straße;97;;3411093,73;5480495,97
Alex-Müller-Straße;98;;3410957,87;5480371,87
Alex-Müller-Straße;99;;3411134,81;5480508,11
Alex-Müller-Straße;100;;3410957,56;5480331,34
Alex-Müller-Straße;102;;3411184,24;5480478,64
Alex-Müller-Straße;104;;3411206,6;5480486,89
Alex-Müller-Straße;106;;3411224,034;5480494,962
Alex-Müller-Straße;108;;3411244,892;5480496,772
Alex-Müller-Straße;110;;3411297,82;5480522,1
Alex-Müller-Straße;112;;3411318,34;5480529,47
Alex-Müller-Straße;114;;3411337,55;5480534,61
Alex-Müller-Straße;116;;3411345,7;5480537,14
Alex-Müller-Straße;118;;3411359,87;5480540,32
Alex-Müller-Straße;120;;3411367,56;5480542,85
Alex-Müller-Straße;122;;3411367,77;5480512,96
Alex-Müller-Straße;124;;3411348,06;5480510,55
Alex-Müller-Straße;126;;3411378,65;5480492,79
Alex-Müller-Straße;128;;3411359,98;5480490,98
Alex-Müller-Straße;130;;3411391,984;5480509,828
Alex-Müller-Straße;132;;3411411,51;5480517,44
Alex-Müller-Straße;134;;3411421,63;5480520,52
Alex-Müller-Straße;136;;3411393,53;5480547,13
Alex-Müller-Straße;138;;3411401,28;5480548,85
Alex-Müller-Straße;140;;3411415,76;5480548,6
Alex-Müller-Straße;142;;3411423,04;5480549,8
Alex-Müller-Straße;144;;3411441,53;5480551,13
Alleestraße;1;;3410899,417;5479042,167
Alleestraße;2;;3410916,18;5479055,29
Alleestraße;4;;3410898,1;5479055,48
Alleestraße;6;;3410898,1;5479055,48
Alleestraße;8;;3410872,43;5479056,82
Alleestraße;10;;3410857,91;5479058,04
Alleestraße;13;;3410859,031;5479047,018
Alleestraße;12;;3410842,77;5479059,31
Alleestraße;14;;3410827,25;5479060,64
Alleestraße;15;;3410848,278;5479047,991
Alleestraße;18;;3410806,59;5479062,29
Alleestraße;20;;3410790,81;5479063,53
Alleestraße;21;;3410823,71;5479033,41
Alleestraße;22;;3410780,368;5479064,682
Alleestraße;23;;3410805,78;5479051,46
Alleestraße;25;;3410795,81;5479052,28
Alleestraße;27;;3410786,16;5479053,1
Alleestraße;29;;3410769,65;5479055,74
Almenweg;1;;3411453,11;5480428,26
Almenweg;2;;3411425,84;5480484,11
Almenweg;3;;3411421,01;5480417,53
Almenweg;5;;3411405,89;5480414,66
Almenweg;6;;3411393,38;5480463,53
Almenweg;7;;3411381,848;5480399,294
Almenweg;7;b;3411373,21;5480393,799
Almenweg;7;c;3411368,243;5480389,66
Almenweg;7;d;3411364,786;5480386,14
